55550001,Roger Ebert
55550002,critic2
55550003,critic3
55550004,critic4
55550005,critic5
55550006,critic6
55550007,critic7
55550008,critic8
55550009,critic9
55550010,critic10
55550011,LoveCoates
55550012,FlickJunkie
55550013,Sephie
55550014,David Lerner
55550015,Manthorpe
55550016,Aaron Lee